tree
version=v4
num_class=1
num_tree_per_iteration=1
label_index=0
max_feature_idx=4
objective=binary sigmoid:1
feature_names=loss_mean_30s tx_dropped_max control_plane_rtt_ms rx_bytes_slope tx_bytes_rate
feature_infos=[5.5366910654394576e-07:22.212254244593865] [0:14] [-0.54331892210552857:32.252773935403226] [-52.232826962158121:256.73326657123152] [5001.8519529544283:14997.971128119623]
tree_sizes=3267 3369 3363 3359 3374 3378 3385

Tree=0
num_leaves=31
num_cat=0
split_feature=1 0 2 4 3 3 4 4 2 3 2 3 4 3 3 4 4 4 3 0 3 2 0 0 0 4 3 3 2 4
split_gain=7676.01 49.0477 39.215 41.7716 29.2667 23.5402 22.9107 23.4712 20.1065 19.7738 18.9898 17.2284 16.2771 27.0503 23.6708 18.8205 17.5844 15.4165 14.9717 14.73 29.7224 13.9733 34.4566 13.733 16.5893 13.6211 16.215 30.4684 17.6613 13.5641
threshold=1.0000000180025095e-35 0.28202359835662688 2.2986189080705177 8724.1799071008008 69.998820365544631 183.16812463866998 14418.440470779971 5574.2550754566182 1.3093374791679417 140.06613717195802 2.5239168599538391 106.18682984797651 6196.0998694503533 98.8147950562565 146.0388354503298 5142.8012373191968 6713.1183323329033 8632.8912028284012 169.57120916687617 0.044090931031341006 36.353820177741788 4.3616153473127852 0.068764493335826432 0.052598164295129778 0.1737386359366799 14705.539681619552 128.43753043191973 137.99628642330927 1.9213885747585218 9653.1331955417936
decision_type=2 2 2 2 2 2 2 2 2 2 2 2 2 2 2 2 2 2 2 2 2 2 2 2 2 2 2 2 2 2
left_child=1 2 5 4 -4 8 7 -3 17 11 -5 -9 13 -6 21 -15 -16 -1 -18 29 -21 -14 -23 -19 -25 26 -22 -28 -29 -10
right_child=-2 6 3 10 12 -7 -8 9 19 -11 -12 -13 14 15 16 -17 18 23 -20 20 25 22 -24 24 -26 -27 27 28 -30 -31
leaf_value=-1.5117634693003226 -1.1868721138873828 -1.3038927060706611 -1.4653562366742805 -1.4984148334189062 -1.5117634693003226 -1.5117634693003226 -1.290617153924118 -1.4118520836983306 -1.3729420247856303 -1.3601922466596554 -1.4579880655784174 -1.4908605143980072 -1.4087628717952272 -1.3333465286937307 -1.3622375732466185 -1.4402312135549087 -1.5117634693003226 -1.3956607078827052 -1.4291364858006519 -1.3466401697144523 -1.4554508845248277 -1.2861137172029666 -1.4627564621080147 -1.5117634693003226 -1.3768066106309211 -1.3441423178771505 -1.3389128282483296 -1.4010730929895578 -1.5117634693003226 -1.4196232126971822
leaf_weight=9.3877535015344638 464.52325558662415 5.127302646636962 55.11983822286129 31.937834665179253 12.311807870864866 7.5409823209047309 4.8195074498653403 21.335232377052311 32.245943963527679 11.250856682658194 321.08032853901386 10.197757393121718 78.642300978302956 4.7789915502071372 4.276782855391505 29.799600288271904 11.696217477321627 11.01592728495598 10.319305092096327 10.327471092343329 56.780361905694008 7.5573143213987333 4.349648654460907 8.1565727144479734 3.1589837670326224 3.8150900602340689 9.8657782971858996 7.7030459195375425 6.7714943289756775 30.075045585632324
leaf_count=61 708 17 319 201 80 49 15 106 141 47 1822 63 387 18 18 161 76 52 54 41 320 23 25 53 14 15 38 37 44 153
internal_value=-1.34932 -1.44118 -1.44438 -1.45101 -1.43384 -1.42513 -1.39453 -1.40498 -1.42168 -1.4171 -1.46165 -1.4374 -1.42323 -1.44812 -1.41325 -1.42546 -1.45501 -1.458 -1.47303 -1.41437 -1.42673 -1.40112 -1.35064 -1.4354 -1.47409 -1.43647 -1.44081 -1.40667 -1.45286 -1.39547
internal_weight=1285.97 821.445 768.714 571.87 218.852 196.844 52.7307 47.9111 189.303 42.7838 353.018 31.533 163.732 46.8904 116.842 34.5786 26.2923 31.7192 22.0155 157.584 95.2632 90.5493 11.907 22.3315 11.3156 84.9358 81.1207 24.3403 14.4745 62.321
internal_count=5158 4450 4202 3184 1161 1018 248 233 969 216 2023 169 842 259 583 179 148 180 130 789 495 435 48 119 67 454 439 119 81 294
is_linear=0
shrinkage=1


Tree=1
num_leaves=31
num_cat=0
split_feature=1 0 2 4 3 3 0 2 2 2 4 4 3 3 4 4 4 3 4 4 3 3 3 4 3 0 0 0 0 0
split_gain=5520.71 42.2542 34.6454 37.5178 25.9069 21.3799 18.8148 23.8286 17.9145 17.5362 14.4079 14.0947 24.9888 20.3263 15.4357 14.0947 13.565 15.3584 12.7341 19.7534 21.7868 18.959 30.4676 24.5387 15.889 12.5828 13.9081 14.4668 18.1298 12.3987
threshold=1.0000000180025095e-35 0.28202359835662688 2.2986189080705177 8724.1799071008008 69.998820365544631 183.16812463866998 0.56250505088455982 3.8959047487737908 2.5239168599538391 1.3093374791679417 8632.8912028284012 6196.0998694503533 98.8147950562565 146.0388354503298 5142.8012373191968 7236.1314125463841 11382.053557008843 128.89287141792929 9182.2804996705727 12159.783039670083 20.227046537978172 109.68904104414436 118.81493192783032 10764.626912436208 131.06088849550397 0.21448338917698498 0.015598514858010032 0.042746954171567368 0.063557869965930991 0.044090931031341006
decision_type=2 2 2 2 2 2 2 2 2 2 2 2 2 2 2 2 2 2 2 2 2 2 2 2 2 2 2 2 2 2
left_child=1 2 5 4 -4 9 7 16 -5 10 -1 12 -6 -13 -14 -15 -3 -18 -10 20 -20 -22 23 -23 -24 26 -26 -28 -29 -11
right_child=-2 6 3 8 11 -7 -8 -9 18 29 -12 13 14 15 -16 -17 17 -19 19 -21 21 22 24 -25 25 -27 27 28 -30 -31
leaf_value=-0.061026036958670607 0.21384079178002224 0.027264306282501868 -0.014697938238114688 -0.047414197370194935 -0.061026036958670628 -0.061026036958670628 0.14104260597395821 -0.062086134706166266 -0.0432627357026368 0.050082801406885064 0.013721166919991673 0.045040827549866873 0.10314161206861608 0.040453329520755865 0.0092561615140319964 -0.034499915179670965 0.040119147564428824 0.1265869409119334 0.083411817574431377 -0.018932647388601304 -0.014068465390063487 0.15565037773024928 -0.044292797182437699 0.01458107195368092 0.071397650566625712 0.10681612794343504 -0.061635201888801339 0.0824111411996825 -0.0090355693871783035 0.021767451641362113
leaf_weight=9.0300253033638018 540.73758602142334 23.772689074277878 54.596765100955963 30.983013987541199 11.84265613555908 7.2536268830299369 5.2291279435157767 5.0076078772544852 23.204643219709396 64.436385214328766 22.537100076675415 93.304783821105957 5.1265418231487265 10.390878334641458 29.980849176645279 15.823418796062468 10.419651418924333 10.126341402530668 8.8176894187927228 134.77901092171669 80.664325296878815 6.8671967685222608 12.29144775867462 5.5936416387557983 8.0116774737834913 3.7962881326675406 7.8100963532924643 7.3991208970546749 20.262809008359909 96.649193316698074
leaf_count=61 708 117 319 201 80 49 16 32 145 294 119 435 18 50 161 98 50 33 38 792 468 22 77 30 36 15 51 32 116 495
internal_value=0.0896405 0.00833413 0.00532683 -0.000939678 0.0151903 0.0232432 0.0508595 0.0412991 -0.0111137 0.0264161 -0.00766086 0.0249927 0.0017797 0.0341114 0.0229657 -0.00478979 0.0529807 0.0827358 -0.00759346 -0.00479997 0.00699333 0.00258044 0.0212245 0.0923247 0.00635211 0.0195183 0.0118969 -0.00154186 0.015425 0.033094
internal_weight=1366.75 826.009 771.453 571.547 221.066 199.906 54.5554 49.3263 350.481 192.653 31.5671 166.469 46.95 119.519 35.1074 26.2143 44.3187 20.546 319.498 296.293 161.514 152.697 72.0323 12.4608 59.5714 47.28 43.4837 35.472 27.6619 161.086
internal_count=5158 4450 4202 3184 1161 1018 248 232 2023 969 180 842 259 583 179 148 200 83 1822 1677 885 847 379 52 327 250 235 199 148 789
is_linear=0
shrinkage=0.05


Tree=2
num_leaves=31
num_cat=0
split_feature=1 0 2 4 3 3 2 0 3 0 4 3 2 4 0 3 3 4 2 2 4 4 3 3 4 4 4 4 4 3
split_gain=4242.49 36.6072 30.7667 33.8152 23.0011 19.4827 16.8765 15.4351 26.6037 26.6047 18.9862 15.427 15.076 13.7262 16.3737 14.2434 13.2301 13.8736 30.3968 29.6841 12.7649 12.2631 23.1258 17.5372 13.0299 12.7198 12.0921 13.1611 12.6783 18.5436
threshold=1.0000000180025095e-35 0.28202359835662688 2.2986189080705177 8724.1799071008008 69.998820365544631 183.16812463866998 2.5239168599538391 0.061296420545591056 52.915500426886574 0.10539452522612854 12766.572632275072 146.64303158776107 1.7261091865176912 13504.715531831771 0.328346628427928 111.60950849656267 99.912967063071861 9872.5594684863227 1.65804522897508 1.8565703957415403 7365.0385009553111 6196.0998694503533 98.8147950562565 146.0388354503298 5095.6248588350636 7236.1314125463841 14760.981595877083 9182.2804996705727 12159.783039670083 20.227046537978172
decision_type=2 2 2 2 2 2 2 2 2 2 2 2 2 2 2 2 2 2 2 2 2 2 2 2 2 2 2 2 2 2
left_child=1 2 5 4 -4 7 -5 16 9 -9 -11 13 -10 14 -3 -16 -1 18 -18 -19 -20 22 -6 -23 -24 -25 27 -8 29 -29
right_child=-2 11 3 6 21 -7 26 8 12 10 -12 -13 -14 -15 15 -17 17 19 20 -21 -22 23 24 25 -26 -27 -28 28 -30 -31
leaf_value=0.020088278038627689 0.18229765943582843 -0.027868869497863942 -0.014095702789873306 -0.04647166557668253 -0.060373285927956377 -0.060373285927956377 -0.042263261512667093 -0.025028912396202821 -0.031501588007158451 0.052875145181022987 0.17666627639380345 0.093340107481981127 0.014198844034365211 0.089610041760962586 0.067657152303915974 -0.024614029793463769 -0.024294287380938941 0.078297408273804062 0.063436622629107237 -0.039936968299484378 0.13877079953452812 0.041623452625180191 0.11115484206398595 0.037479222307883336 0.011290323471348007 -0.03351738578636964 -0.061416990423136419 0.075210399007493434 -0.014702722988284941 0.0024091948425574673
leaf_weight=48.905340492725372 600.80785059928894 12.387650251388548 54.095985352993011 30.054552808403969 11.383782625198362 6.9725668579339972 22.581691831350327 5.7197471857070949 28.160393387079239 7.3831587582826597 5.3359768092632294 13.527628704905508 50.245427504181862 8.3381315022706968 16.331392467021946 5.6221691668033591 5.6416250765323666 12.098780587315561 10.108613789081575 9.4587267488241178 12.672111064195631 95.848260745406151 3.6382923126220694 10.647732377052309 31.948265567421913 15.481704771518705 9.9882270991802198 9.277532219886778 123.20450462400913 152.95385873317719
leaf_count=241 708 72 319 201 80 49 145 33 170 33 13 46 261 30 68 32 33 49 42 56 38 435 11 50 168 98 66 38 726 847
internal_value=0.0811019 0.00785105 0.00502103 -0.000918687 0.0142798 0.0217559 -0.0106582 0.0246816 0.0104935 0.0645329 0.104808 0.0468122 -0.00221502 0.0320647 0.0180926 0.0440271 0.038577 0.0566682 0.0796104 0.02642 0.105342 0.0233654 0.00165729 0.0317246 0.0215003 -0.0045863 -0.00727346 -0.00551772 -0.00261067 0.00657248
internal_weight=1430.82 830.014 773.807 571.104 223.044 202.702 348.06 195.73 96.8447 18.4389 12.7191 56.207 78.4058 42.6793 34.3412 21.9536 98.8852 49.9799 28.4223 21.5575 22.7807 168.948 46.9703 121.978 35.5866 26.1294 318.006 308.018 285.436 162.231
internal_count=5158 4450 4202 3184 1161 1018 2023 969 510 79 46 248 431 202 172 100 459 218 113 105 80 842 259 583 179 148 1822 1756 1611 885
is_linear=0
shrinkage=0.05


Tree=3
num_leaves=31
num_cat=0
split_feature=1 0 2 4 2 3 3 2 3 0 4 0 2 0 0 4 4 3 2 4 0 2 4 4 4 2 4 2 2 0
split_gain=3406.62 31.8772 27.4298 38.0236 31.3453 20.7904 18.4228 22.1322 13.8401 14.0848 23.4568 25.7358 23.6435 26.0086 14.8335 13.3699 18.5594 13.366 15.1925 16.3127 14.6851 13.6733 13.3346 13.622 14.0778 21.1081 18.5612 22.8302 12.3891 12.1232
threshold=1.0000000180025095e-35 0.28202359835662688 2.2264785727715877 8724.1799071008008 2.2142905736885115 69.998820365544631 22.747667857368029 2.5239168599538391 183.16812463866998 0.061296420545591056 10422.901567214956 0.19437771272487761 1.5593244845478857 0.11304225253538108 0.097238796881606179 10764.626912436208 12128.584131103331 149.99857416221934 3.2216247119022619 6470.641978951634 0.090958661487236761 4.7442425587291082 14418.440470779971 6883.9416308065765 11382.053557008843 2.3517044770020514 12693.589169380257 3.2442389657402129 4.2864953195161641 0.0073496266594055863
decision_type=2 2 2 2 2 2 2 2 2 2 2 2 2 2 2 2 2 2 2 2 2 2 2 2 2 2 2 2 2 2
left_child=1 2 4 5 8 -4 15 -8 9 29 -11 12 -12 14 -14 -5 -17 21 19 -19 -21 -7 23 -3 25 -25 -26 -28 -20 -1
right_child=-2 22 3 6 -6 17 7 -9 -10 10 11 -13 13 -15 -16 16 -18 18 28 20 -22 -23 -24 24 26 -27 27 -29 -30 -31
leaf_value=-0.011693391527804605 0.16025067791362177 0.082903288305858247 -0.011494138041548717 -0.030643721940525732 0.12779173371797101 0.026376225779765384 -0.049668457412578811 -0.009244581221782731 -0.059765540647117234 -0.021122587133391216 -0.061440010174786945 0.10844298218720937 0.034126154724322802 -0.037193943897790516 0.12848321879780572 0.12865774845654851 0.019613808821773812 0.086480492650837792 -0.061765137330711317 -0.06147338102398086 0.071877346556966301 0.093024287328714733 0.11463956594367225 0.062718666586492736 0.096150847104772036 -0.046270557214745336 -0.063823939069452662 0.090172420624955563 0.035411308190239903 0.041693285580225808
leaf_weight=12.385922551155089 647.92859601974487 11.598020344972609 55.643100783228874 6.6350641548633602 6.6914097964763632 135.98261612653732 38.266871199011803 294.02949053049088 5.6046506911516181 41.803977862000465 8.3027640432119352 8.6697861999273282 11.037581339478498 8.3731469362974149 6.6895759850740424 5.548574015498164 13.150338619947432 7.1427258551120785 13.025322034955026 5.8709527999162656 3.1843394190073013 8.1571473479270917 5.8763047456741324 6.7695349901914623 10.651688799262049 12.923046007752417 5.7184610962867719 4.1558057516813278 4.3837500959634772 75.176366299390793
leaf_count=65 708 42 328 38 21 651 257 1708 41 244 55 29 53 49 22 17 71 28 85 39 14 29 15 28 37 77 34 15 22 336
internal_value=0.0742553 0.00740197 0.0047353 -0.000521146 0.0215522 0.0151778 -0.0107663 -0.0138997 0.0175594 0.0200726 0.00555847 0.0314535 0.0120517 0.0354302 0.069733 0.0303337 0.0519707 0.0235274 -0.00486789 0.029984 -0.0145799 0.030148 0.0432588 0.0351638 0.0213969 -0.00880435 0.050372 0.000988869 -0.0372953 0.0341416
internal_weight=1481.38 833.448 775.755 591.02 184.735 233.39 357.63 332.296 178.044 172.439 84.8768 43.0729 34.4031 26.1003 17.7272 25.334 18.6989 177.747 33.6071 16.198 9.05529 144.14 57.6929 51.8166 40.2185 19.6926 20.526 9.87427 17.4091 87.5623
internal_count=5158 4450 4202 3287 915 1196 2091 1965 894 853 452 208 179 124 75 126 88 868 188 81 53 680 248 233 191 105 86 49 107 401
is_linear=0
shrinkage=0.05


Tree=4
num_leaves=31
num_cat=0
split_feature=1 0 2 4 3 3 2 2 4 0 2 0 4 0 4 4 4 3 2 2 4 4 3 0 2 0 2 0 2 2
split_gain=2823.71 27.8286 24.7278 27.2852 18.2171 16.5305 14.976 13.4923 12.9119 12.326 19.6901 11.6742 19.3394 13.6095 11.5041 12.2272 11.4652 13.8471 18.4931 26.2177 14.6795 16.7472 16.6582 13.6535 12.895 22.7375 17.6792 18.2604 16.7071 12.3588
threshold=1.0000000180025095e-35 0.28202359835662688 2.2986189080705177 8724.1799071008008 69.998820365544631 183.16812463866998 2.5239168599538391 1.3093374791679417 8632.8912028284012 0.56250505088455982 3.8959047487737908 0.056977125569846486 7529.6230981192411 0.032459193193584562 14760.981595877083 9182.2804996705727 12159.783039670083 20.227046537978172 3.3195570919934227 3.2924108371334069 11342.368234464462 9713.3038946754077 161.10624398518124 0.13041303460805234 2.7087019744657148 0.082170364505919705 2.9869976034744044 0.038782418109443433 3.0473502998117126 3.953463987928743
decision_type=2 2 2 2 2 2 2 2 2 2 2 2 2 2 2 2 2 2 2 2 2 2 2 2 2 2 2 2 2 2
left_child=1 2 5 4 11 7 -5 8 -1 10 -3 12 -4 -14 15 -8 17 -17 19 24 21 22 29 -22 25 -19 -26 -28 -29 -20
right_child=-2 9 3 6 -6 -7 14 -9 -10 -11 -12 -13 13 -15 -16 16 -18 18 20 -21 23 -23 -24 -25 26 -27 27 28 -30 -31
leaf_value=-0.060309177213660241 0.14392587845065918 0.042156661223267 -0.022942377718226274 -0.044649260937829879 0.020401663418033421 -0.059325663994242085 -0.041038756791925687 0.027405879725328354 0.011384299352881731 0.10732795033546959 -0.062179556092669501 -0.036753614330515924 0.013367209996728753 0.12981669962924183 -0.060666883509163633 0.063509918518530689 -0.013817535912869059 0.086453638623770312 -0.061482781103682688 0.14407565197259567 -0.0066037254005131335 -0.042168274884060136 0.11034870489251956 0.074347207916720948 -0.03824952841634946 -0.028490844628846535 -0.035982206881400657 0.1405685454586833 0.027299913335443262 0.038093676165657724
leaf_weight=8.6319506168365496 684.31034731864929 47.9342340528965 16.761922955513004 28.280303061008453 173.53510335087776 6.4827800244092932 21.827892288565636 169.09368865191936 23.050390973687172 6.1081866919994345 4.9928552359342566 26.273094296455383 5.7255067229270917 4.4662469923496246 9.5637360513210279 9.9922499209642393 121.53464451432228 12.948545336723329 6.0661491900682467 4.1297681480646125 15.523618325591089 43.919454455375671 3.7099811136722556 7.8392123728990546 18.391809687018394 6.4432336390018454 8.3697086274623889 4.2093392163515118 14.367138132452963 6.4073066413402557
leaf_count=61 708 200 103 201 842 49 145 789 119 16 32 167 32 17 66 38 726 55 40 13 89 275 14 35 115 39 52 14 74 32
internal_value=0.0685975 0.00698007 0.00446728 -0.000908105 0.012553 0.019258 -0.00979385 0.0217954 -0.00814881 0.0400756 0.0323141 -0.013036 0.0100828 0.0643979 -0.00666699 -0.00497751 -0.00220444 0.00649082 0.00275047 0.021931 -0.0130735 -0.0261469 0.0173329 0.0205587 0.0141382 0.0482615 -0.000456931 0.025338 0.052966 -0.0103328
internal_weight=1520.89 836.58 777.545 570.286 226.762 207.259 343.524 200.776 31.6823 59.0353 52.9271 53.2268 26.9537 10.1918 315.244 305.68 283.852 162.318 152.325 68.8595 83.4657 60.1029 16.1834 23.3628 64.7298 19.3918 45.338 26.9462 18.5765 12.4735
internal_count=5158 4450 4202 3184 1161 1018 2023 969 180 248 232 319 152 49 1822 1756 1611 885 847 362 485 361 86 124 349 94 255 140 88 72
is_linear=0
shrinkage=0.05


Tree=5
num_leaves=31
num_cat=0
split_feature=1 0 2 4 3 3 2 2 4 4 3 4 4 3 0 4 0 0 4 3 3 4 3 4 0 3 4 3 2 4
split_gain=2397.45 24.4259 22.0582 24.6565 16.2839 15.1572 14.0891 11.8935 12.1297 15.1511 11.5157 10.8976 11.387 11.1558 10.7951 16.8572 11.256 10.7411 10.6594 20.8079 13.2185 12.3133 14.0292 11.3656 24.7792 12.1117 12.9594 10.5652 10.3894 10.3584
threshold=1.0000000180025095e-35 0.28202359835662688 2.2986189080705177 8724.1799071008008 69.998820365544631 183.16812463866998 2.5239168599538391 1.3093374791679417 11459.448639449796 13551.036663102963 146.64303158776107 14760.981595877083 9182.2804996705727 140.06613717195802 0.056977125569846486 7529.6230981192411 0.017872415939057699 0.032459193193584562 6196.0998694503533 98.8147950562565 146.0388354503298 6713.1183323329033 169.57120916687617 5648.6094818656884 0.035367512477249716 142.79080747008007 5346.2697911618607 72.527570259843145 4.7442425587291082 12159.783039670083
decision_type=2 2 2 2 2 2 2 2 2 2 2 2 2 2 2 2 2 2 2 2 2 2 2 2 2 2 2 2 2 2
left_child=1 2 5 4 14 7 -5 8 -1 -10 -3 12 13 -8 15 16 -4 -17 19 -6 27 -22 -23 25 -25 26 -21 -20 -29 -14
right_child=-2 10 3 6 18 -7 11 -9 9 -11 -12 -13 29 -15 -16 17 -18 -19 20 23 21 22 -24 24 -26 -27 -28 28 -30 -31
leaf_value=-0.036172535347346997 0.13133529725633894 0.024709956736990717 0.021877543171929456 -0.043759676672665088 -0.060251603974340366 -0.058788801183732087 -0.060141165681448276 0.02561807522631673 0.073204625936319864 -0.029971823571147239 0.075336718397594163 -0.060039011683522318 0.0060912752126873358 0.025350704522700964 -0.035771896737822939 0.012588719885359404 -0.060842095580603862 0.11358385848036034 0.10567880116713474 0.048417707069102284 0.06689263942399172 -0.060675297998381485 0.020469363608749198 0.060018907202394035 -0.062607989469473602 0.088530221368935333 -0.062668469376885139 0.026707046570299077 0.090815042288989234 -0.013245713434396331
leaf_weight=17.15695129334927 711.64228963851929 45.341623663902283 7.7308097481727662 27.434080079197884 11.294856756925581 6.221494808793067 16.261571958661083 171.77770861983299 7.7988172173500043 6.5435653179883957 14.931272879242895 9.1900253891944867 162.9084145873785 4.9857890307903281 25.660180985927582 5.7742998003959638 8.7867093086242658 4.8386981785297394 5.0162983685731879 7.5256977826356906 4.8608051538467434 10.974801078438761 10.350009322166441 6.948302328586581 10.119287326931952 8.4105178117752057 4.0321435779333115 89.273003339767456 6.8013005852699271 120.4700380563736
leaf_count=111 708 202 43 201 80 49 116 789 31 38 46 66 885 29 167 32 60 17 16 30 18 76 54 30 63 31 25 398 21 726
internal_value=0.0638221 0.00658584 0.00421361 -0.000888307 0.0118269 0.0180862 -0.00939855 0.0204391 -0.00780409 0.0261314 0.0372516 -0.00639467 -0.00477631 -0.0400801 -0.0125229 0.00946603 -0.0221262 0.0586346 0.0191469 -0.000843731 0.026738 -0.00492214 -0.0212917 0.0172739 -0.012686 0.0428815 0.00966346 0.0349389 0.0312454 -0.00212928
internal_weight=1551.06 839.419 779.146 569.648 228.398 209.499 341.25 203.277 31.4993 14.3424 60.2729 313.816 304.626 21.2474 52.7907 27.1305 16.5175 10.613 175.607 48.3308 127.276 26.1856 21.3248 37.0359 17.0676 19.9684 11.5578 101.091 96.0743 283.378
internal_count=5158 4450 4202 3184 1161 1018 2023 969 180 69 248 1822 1756 145 319 152 103 49 842 259 583 148 130 179 93 86 55 435 419 1611
is_linear=0
shrinkage=0.05


Tree=6
num_leaves=31
num_cat=0
split_feature=1 0 3 3 0 4 2 2 0 2 4 2 4 0 0 4 4 2 4 4 0 2 0 2 2 3 2 4 4 4
split_gain=2073.87 22.5338 22.3898 16.2823 25.8561 24.36 26.5574 26.1102 19.7346 18.4945 18.0509 17.9369 15.0681 13.5209 18.4328 34.3438 19.1245 16.4192 14.7126 32.4239 23.2468 23.6746 24.0893 20.4354 18.2187 21.1554 17.8396 18.7827 17.5764 15.1016
threshold=1.0000000180025095e-35 0.38338917852670723 189.24421020342643 126.18131196993697 0.19184650900521596 10617.884036633803 3.021917309048229 2.2142905736885115 0.082170364505919705 4.5310629481851272 11305.527657616609 2.3517044770020514 9111.3079361192686 0.0038135489375198269 0.012939207767992691 6196.0998694503533 8429.8017805911568 2.2264785727715877 6802.6856000022226 8490.0088014845587 0.023143529392176173 2.2264785727715877 0.023761348081042136 2.5239168599538391 2.019713105085073 60.160469095355204 4.3616153473127852 7021.1774154187287 12396.468925819381 8214.9774339307278
decision_type=2 2 2 2 2 2 2 2 2 2 2 2 2 2 2 2 2 2 2 2 2 2 2 2 2 2 2 2 2 2
left_child=1 2 3 9 5 6 7 12 -7 13 -6 -9 -5 -1 15 17 -17 -15 -16 26 -21 24 -23 -24 25 -22 27 -20 -26 -29
right_child=-2 -3 -4 4 10 8 -8 11 -10 -11 -12 -13 -14 14 18 16 -18 -19 19 20 21 22 23 -25 28 -27 -28 29 -30 -31
leaf_value=-0.038602774378031529 0.12132484936814603 0.055404705658396183 -0.04333146807431712 -0.023716041257284021 0.019231498767210715 0.0048898907369563796 -0.0014920796399286167 0.12882558217840123 -0.051540326055286828 -0.035368015878361005 0.093499933036230498 0.051559501199293756 0.052058654695216235 0.17149177662903337 -0.017756619904519527 -0.063161341890031142 0.027459353096771517 0.056019244932277529 0.082634136637331296 -0.046068402898594242 0.047790151084897835 0.12597138608974809 -0.05178917855537446 -0.0025657609509918055 0.025516549230685099 -0.015493775904259917 0.1319584997796133 0.0054636618083769642 0.11697200807174496 0.061489475281734887
leaf_weight=18.065646171569824 731.28550243377686 22.660400003194809 23.413317210972309 16.229317672550682 15.45119886100292 51.159934066236019 55.834662869572639 9.854890361428259 22.223505668342113 31.747531935572624 17.388994432985783 31.583724036812782 11.012508451938627 5.4084036499261838 76.519479125738144 7.1702153086662284 30.964311465620995 7.1459685564041138 13.149834290146826 26.788320958614349 22.804067641496658 3.3794673085212699 24.076025247573853 169.73836290836334 11.957893162965776 31.376584112644196 4.3173375427722922 55.63196112215519 9.3701506704092008 15.345519676804541
leaf_count=110 708 80 152 91 74 284 302 25 147 193 56 140 46 11 440 44 159 31 51 168 94 11 168 969 55 170 11 278 27 63
internal_value=0.0597303 0.00622024 0.00485957 0.00627759 0.0174694 0.0106512 0.0241183 0.0449386 -0.0121995 0.00170664 0.0585569 0.0699348 0.00691588 0.00391408 0.00540511 0.0340348 0.0104205 0.105765 0.00228057 0.00623286 -0.00162251 0.00274353 -0.00637276 -0.0086804 0.0265511 0.0111418 0.0328327 0.0277457 0.0656961 0.0175766
internal_weight=1573.06 841.77 819.109 795.696 230.739 197.899 124.515 68.6804 73.3834 564.957 32.8402 41.4386 27.2418 533.21 515.144 50.6889 38.1345 12.5544 464.455 387.936 299.491 272.703 197.194 193.814 75.5087 54.1807 88.4447 84.1273 21.328 70.9775
internal_count=5158 4450 4370 4218 1165 1035 604 302 431 3053 130 165 137 2860 2750 245 203 42 2505 2065 1662 1494 1148 1137 346 264 403 392 82 341
is_linear=0
shrinkage=0.05


end of trees

feature_importances:
tx_bytes_rate=67
rx_bytes_slope=48
control_plane_rtt_ms=46
loss_mean_30s=42
tx_dropped_max=7

parameters:
[boosting: gbdt]
[objective: binary]
[metric: auc]
[tree_learner: serial]
[device_type: cpu]
[data_sample_strategy: bagging]
[data: ]
[valid: ]
[num_iterations: 150]
[learning_rate: 0.05]
[num_leaves: 31]
[num_threads: 0]
[seed: 42]
[deterministic: 0]
[force_col_wise: 0]
[force_row_wise: 0]
[histogram_pool_size: -1]
[max_depth: -1]
[min_data_in_leaf: 20]
[min_sum_hessian_in_leaf: 0.001]
[bagging_fraction: 1]
[pos_bagging_fraction: 1]
[neg_bagging_fraction: 1]
[bagging_freq: 0]
[bagging_seed: 400]
[bagging_by_query: 0]
[feature_fraction: 1]
[feature_fraction_bynode: 1]
[feature_fraction_seed: 30056]
[extra_trees: 0]
[extra_seed: 12879]
[early_stopping_round: 0]
[early_stopping_min_delta: 0]
[first_metric_only: 0]
[max_delta_step: 0]
[lambda_l1: 0]
[lambda_l2: 0]
[linear_lambda: 0]
[min_gain_to_split: 0]
[drop_rate: 0.1]
[max_drop: 50]
[skip_drop: 0.5]
[xgboost_dart_mode: 0]
[uniform_drop: 0]
[drop_seed: 17869]
[top_rate: 0.2]
[other_rate: 0.1]
[min_data_per_group: 100]
[max_cat_threshold: 32]
[cat_l2: 10]
[cat_smooth: 10]
[max_cat_to_onehot: 4]
[top_k: 20]
[monotone_constraints: ]
[monotone_constraints_method: basic]
[monotone_penalty: 0]
[feature_contri: ]
[forcedsplits_filename: ]
[refit_decay_rate: 0.9]
[cegb_tradeoff: 1]
[cegb_penalty_split: 0]
[cegb_penalty_feature_lazy: ]
[cegb_penalty_feature_coupled: ]
[path_smooth: 0]
[interaction_constraints: ]
[verbosity: -1]
[saved_feature_importance_type: 0]
[use_quantized_grad: 0]
[num_grad_quant_bins: 4]
[quant_train_renew_leaf: 0]
[stochastic_rounding: 1]
[linear_tree: 0]
[max_bin: 255]
[max_bin_by_feature: ]
[min_data_in_bin: 3]
[bin_construct_sample_cnt: 200000]
[data_random_seed: 175]
[is_enable_sparse: 1]
[enable_bundle: 1]
[use_missing: 1]
[zero_as_missing: 0]
[feature_pre_filter: 1]
[pre_partition: 0]
[two_round: 0]
[header: 0]
[label_column: ]
[weight_column: ]
[group_column: ]
[ignore_column: ]
[categorical_feature: ]
[forcedbins_filename: ]
[precise_float_parser: 0]
[parser_config_file: ]
[objective_seed: 16083]
[num_class: 1]
[is_unbalance: 1]
[scale_pos_weight: 1]
[sigmoid: 1]
[boost_from_average: 1]
[reg_sqrt: 0]
[alpha: 0.9]
[fair_c: 1]
[poisson_max_delta_step: 0.7]
[tweedie_variance_power: 1.5]
[lambdarank_truncation_level: 30]
[lambdarank_norm: 1]
[label_gain: ]
[lambdarank_position_bias_regularization: 0]
[eval_at: ]
[multi_error_top_k: 1]
[auc_mu_weights: ]
[num_machines: 1]
[local_listen_port: 12400]
[time_out: 120]
[machine_list_filename: ]
[machines: ]
[gpu_platform_id: -1]
[gpu_device_id: -1]
[gpu_use_dp: 0]
[num_gpu: 1]

end of parameters

pandas_categorical:[]
